5 8 11 14 17 20 23 26 29 32 35
1.5035138888903403 1.4926347222236396 1.4809125000013814 1.2357138888895063 1.4558319444457473 1.3512166666676473 1.4722055555569091 1.4095694444456017 1.4313791666678921 1.3870916666677724 1.4003444444455801 1.3280194444453504 1.315179166667537 1.422986111112312 1.4188902777789707 1.4631416666679906 1.4579458333346447 1.3588027777787801 1.3551069444454364 1.3878027777788666
1.040386284722986 1.1306537037046462 1.1741018518525799 1.0789551971334495 1.09752969348734 1.1646129629637982 0.9318342293912306 1.0473000000007902 1.2043154761914145 1.1955277777784472 1.1043449820797593 1.1705143678169718 1.0157616487462275 1.0572401433699774 1.1356666666675344 1.063800000000814 1.0799333333341077 0.9627034050186152 1.080391577061734 1.1011908602158968
1.1116720867203886 0.9842451388888287 1.0840506944440584 1.1247521367517952 1.020756097560818 1.0118468660967586 1.119816666666301 1.0855628654969953 0.9360866402114892 1.107300438596361 1.035422086720736 1.0235489417986554 1.0054550264549313 1.0614107142853344 1.0426058201056514 1.1810237127365835 0.9971534722221246 0.9457368421054555 0.9463550135500972 1.0329085365851585
0.8582733333331274 0.9669034090906343 0.9429359410424121 0.9335010893239817 0.9150646135262706 0.8721316137565809 0.8946921296293657 0.999159722221636 1.0021540404033775 0.9459041005290167 0.8604009661833714 0.848735142118965 0.8929710884350422 0.9648126477537526 0.9512244897954314 1.101586226851027 0.987198495369936 0.9391485507243743 0.9797121749401455 0.875846938775288
0.9259738562087158 0.8450827294685019 1.0308083333331188 0.9191513002361613 0.8522290123454468 0.80008228511493 0.8744576388897286 0.9414072327036267 0.8337978395056709 1.0754804804807085 0.9894796296294328 1.1483173611105726 0.900459150326477 0.8060572562357596 0.958646464646105 0.8078661111109359 0.8225668724276248 0.8986220760245691 0.9931388888887126 0.8715983796294766
0.8712897727274395 0.955384057970573 0.8449728009257998 0.7955579922023998 0.8121322016458612 0.837054347826065 0.8358877068556761 0.9112671394794826 0.9194456264770888 0.86900366876233 0.8354411111108443 0.9769033816422158 0.9592154195004222 0.8935112293142131 0.9740569800572668 0.8676742919385398 0.8783316993458273 0.8558102725360678 0.8384249999995982 0.8968253968252045
0.8871938657404678 0.7879414893616558 0.8899335511976408 0.8674116666663202 0.907749338624632 0.8187831196578452 0.8468268733850216 0.8116858024694543 0.9166269841272944 0.9491024691354442 0.8206971677556723 0.8021933333329774 0.9092273242627689 0.7704899425285026 0.7373333333335792 0.724183333333241 0.8100677083331919 0.823269916142267 0.9212599580705753 0.7784345238092194
0.8070243764170401 0.9398049095608526 0.9047175925925038 0.8453585390943122 0.8626894444441215 0.8291256038647754 0.7933373842592704 0.7699739229024727 0.7634302935009775 0.8607494089834328 1.0593000000000037 0.8728605324071702 0.8154370748299185 0.7745308641973087 0.8495511111109486 0.8045975056690425 0.7514319172111621 0.8900201388891552 1.1322792397663155 0.7821258169934128
0.7529054487178148 0.8108775252524115 0.7852123842591701 1.0656746031754398 0.8365103485836224 0.8345929951690388 0.8432120181403348 0.7766224489793806 0.8805048076917497 0.8206776729555997 0.7529130434788688 0.7224212018140584 0.8132443415632705 1.0822196180560602 0.6484999999999977 0.8721024305552605 0.793344671201822 0.8812814814810815 0.7785874704493156 0.7935217864920937
0.8073395061727139 0.8247801418438526 0.8493419312175944 0.8212400419284477 0.7246479591837328 0.7852594339619913 0.7763182367149601 0.6966510416667779 0.7743236961449437 0.7875347222221067 0.7912479035637299 0.6850242316786026 0.7708829365082533 0.8285630787035763 0.7796590413941291 0.7865760869567426 0.7177913943352962 0.9374641203698253 0.7158936058698047 0.9267572751323744
0.692984953703886 0.8163398345152999 0.8287592592596138 0.9326552706558895 0.8391846064815731 0.856501355014075 0.802733850129203 0.8403299999998514 0.7813630490959868 0.863852067183666 0.714539506172824 0.8646513605440108 0.8470462962962925 0.8113997584541807 0.8262388888891818 0.7741733539092959 0.8678377777775538 0.7913452380951426 0.995979166667379 0.7530425925927281
