5.0 5.75 6.5 7.25 8.0 8.75 9.5 10.25 11.0 11.75 12.5 13.25 14.0 14.75 15.5 16.25 17.0 17.75 18.5 19.25 20.0
143.44714285706422 159.34528985492463 146.5169503545086 127.34925287347208 186.5997354498412 152.51549019592258 147.5027878786071 138.7418055554544 152.9622666665718 111.23153846145108 155.91535087713063 130.66715447149812 145.88496296284413 149.28882716035102 155.26371584693925 147.11237179473176 159.58528301870075 145.85434523794535 149.87493333320276 139.29340277769472
133.03935185186833 195.12358208984165 155.72707602329106 174.35808641966298 139.8523976606592 147.8901587301137 148.50745098024606 150.9347263681628 173.25866666653795 124.51371069175674 130.66807407403286 187.00989247326157 144.47234042544895 141.95363636347338 135.75244897947601 157.5312418299291 176.88099415195887 144.1663690474679 172.37206349215052 167.14066666650962
148.87576271176965 158.65839285703197 160.60560846563408 171.90742424252883 169.90042328050612 170.67645833341544 155.73586666653986 158.15071038249292 124.85562499993426 184.93870967756843 162.91979487187302 164.40983050842925 166.01651515159838 163.88011299428857 173.8056666667101 141.0404411764909 155.17739393923597 171.84692708334393 148.7994339621197 150.86551912558338
191.87028985534386 187.72473958351623 177.3024657537568 160.72077777774217 131.23879781404523 187.11548245653464 133.46559139771617 189.30695238130315 162.93958333333066 148.5872916666416 129.2814942527615 147.96963541664178 178.91246376837714 163.73782407420995 164.4026111110881 178.97084745769718 179.27309178762047 152.7482291666619 130.794561403398 176.73505555557762
204.32517094067282 172.78788732417732 217.56352657058554 163.9462121212949 193.6319444448078 174.97884259282011 193.68231111154265 170.66202020211983 197.68062222267355 176.31229166676982 164.68605128211044 227.35523809594238 194.01213675262625 211.3117171721938 171.03802816923871 186.27921875020994 147.83969696971315 219.16292792852462 166.98680000021207 161.8849751244121
225.25181372606963 195.79837398423393 211.48981982034266 198.5608225113251 181.20700854732064 189.7745238098327 207.7543859655211 191.49063926977007 226.1991549301659 188.61930555592434 186.28847619068492 166.794705882445 214.17282700481096 211.4222633751648 197.79464788773203 222.84037037114027 200.35469298301157 220.4583549790757 212.44093333393576 184.91377193017004
189.82158119699707 178.8606140354305 214.68076305286795 198.4345416671562 228.71942386912028 185.8830666670054 193.1887280704847 212.09316455754046 204.8454385970363 222.959277109181 220.4092682934433 189.0554666670853 195.03037037080009 192.90258771976343 199.50848101314526 220.41132530195762 215.79549549610854 212.3163888894649 207.36991342047014 205.7581818187676
228.225200000706 185.18526749023246 191.81008230504077 225.04407407482032 172.79012820542985 226.32042194169762 189.5702857145947 201.0886585371203 208.6064912286469 214.15166666726734 201.76600000049513 207.63939759095817 222.17869369428215 201.83376984188388 223.8442570289211 230.6821176479591 222.73707317152437 217.55251028880477 186.92095890441396 196.1995726500976
194.3827642281463 227.5287500007596 190.76646825447284 227.4577131791375 222.1510699595943 226.17123456872056 225.86966244804566 207.2710416673079 229.39809523896722 191.0218107000958 210.15873015948043 217.7452777785063 209.6046987958418 207.20915555612314 211.85224806276344 177.54074509849636 200.32231372605662 204.47307692356472 197.22073170785288 221.47279835465366
222.46376984207382 227.88092369558385 217.733950617979 223.030119048426 222.21743295103965 188.24805907219144 219.1967489719752 231.09737500075903 197.78638888952486 226.9694238691299 214.81374531914295 214.5995880157683 229.58745098123651 211.20654761975388 214.35620155114148 224.77678294660237 218.78737500071082 231.48755814042565 207.64151898790138 218.72537500073608
218.36682353022022 203.40743295085608 229.85089147375828 224.2741568635807 221.18973782858924 225.66146825477503 222.33607142938737 216.1334156385451 213.05131687311763 218.53941860540772 223.5538888896075 228.92521568716697 233.1636742433223 226.39654902043313 230.07710317545354 244.1700000009291 222.2244961248842 212.35321428643155 239.12108527226152 234.28616666752632
222.6624206357203 214.32964705958827 235.60694779205173 234.94361445871974 239.01578313342213 227.60947154558022 235.14531835302301 217.90811764786392 212.82769547389825 238.8519166675169 246.805527427054 231.63706827396646 225.63639215773227 244.73188755118963 220.90488372173803 243.53752032614133 233.7534865909635 221.6755421694549 224.2513725498579 234.70991769635472
237.59092369570507 216.1775478935085 219.02620689737117 232.4758237556881 227.62685606149472 232.03870588321232 231.6875655439877 226.88559387059604 247.8465098049189 218.18670731774378 216.39962121288983 224.01586080673948 238.54525490292548 242.20217054361692 222.81862069048205 234.94996078521663 232.31337164843467 224.94800766363488 232.30620155131894 240.21295454643595
222.41643137333722 224.36742424326502 230.51270370464206 239.99054263662063 236.08255814046154 224.6225490204273 236.76388235386267 247.2356349216654 240.9420930242595 221.39737827799388 228.4613178303821 234.61261363731427 233.85056818274998 218.29242424323894 239.97642276512454 236.4323412707801 236.97170542731416 229.6912851414412 225.0103448284238 222.310627451802
246.77731060714842 212.5017424250492 240.95588235386177 244.07141762556023 234.3537254911354 248.4375686284831 239.32900383242597 235.17058139626567 238.19551724236368 242.0752107289747 236.49846743391925 237.81151162884737 250.39123015974872 246.05674509900996 241.34613821236402 247.84053639949434 205.49285185255602 234.8392635668496 232.59267441953497 229.70461538555557
240.1383141772183 246.73341269942202 226.48856589233884 241.0426104427317 243.6338372102778 230.0457471273449 240.17226053741436 245.3377651525522 233.12730923781854 253.8850200814337 235.14890151612016 242.7201190485936 243.30750957954973 230.21482353027545 237.71308943180006 220.1004365087354 234.76674157398008 229.67930232646924 247.82950191679507 224.4880681827035
245.94647727378089 242.5521455948718 247.63810077623967 240.14206896650586 244.61302682090883 243.05196078534516 238.5922480629924 252.4265476201544 234.52325757667194 232.96286274599842 241.6575000010205 239.93428030401694 239.4256818191625 234.32915708904784 227.68479400838308 236.04420454641868 244.91409091010854 231.85651515246272 214.99670454625732 255.6895736445739
243.68569288493683 242.29905303131036 239.60885057569095 254.1887356332894 244.59262172388208 232.13992424339142 234.929128788842 223.8766666675519 236.72883721024684 238.39022472009074 237.96842696728044 248.95145593974152 249.80604651265284 242.72264367914647 257.4150387608155 260.4490361457499 244.64233716577326 251.42413793213709 248.33153256809643 231.32693486682766
235.26887640547767 240.97498084392578 252.53674509910348 231.51885185278314 228.64333333428095 249.77723484955766 250.69607142966848 242.96713178392147 230.7546666675906 246.3067041209272 248.42464419581114 226.96485185276683 256.0568273103409 241.12468164894761 229.1831460683432 234.54852272822717 242.79727969450207 243.94191011339436 235.47475655529252 248.90709302429198
243.03670542732706 248.5643295029967 243.26391472970724 245.9523371658077 250.33289682650053 232.81183520694108 237.1540151524977 242.73113636465177 262.9202083344761 245.3462403110878 252.7489015162497 250.13702381051704 258.3203921579971 240.14103448375226 227.15932584361337 248.58537878895697 242.0522727282923 230.36771739226725 244.83333333434382 225.29586080677382
242.5102247201451 240.46853479959051 255.68421456051584 250.29209737937109 260.4850602421425 245.13831372651077 252.6725378798824 228.13084249178112 256.27513725600727 246.23083333438925 253.6732183918921 242.42492424343564 262.1749411776803 244.58252747356607 253.4731060617152 231.88293478357485 256.51823754906894 248.69363636468768 234.60860805960368 253.10302682102898
